<<<<<<< .mine
% Data for the winding with Q = 48 slots and p = 4 pole pairs
||||||| .r260
% Data for the winding with Q = 12 slots and p = 2 pole pairs
=======
% Data for the winding with Q = 24 slots and p = 2 pole pairs
>>>>>>> .r262
% Winding factor:
kw = 9.659e-001;
% Coil pitch:   
yq = 6;

<<<<<<< .mine
% slot matrix of phase A. Elements: 48
ka = [ 1.0, 1.0, 0.0, 0.0, 0.0, 0.0, -1.0, -1.0, 0.0, 0.0, 0.0, 0.0, 1.0, 1.0, 0.0, 0.0, 0.0, 0.0, -1.0, -1.0, 0.0, 0.0, 0.0, 0.0, 1.0, 1.0, 0.0, 0.0, 0.0, 0.0, -1.0, -1.0, 0.0, 0.0, 0.0, 0.0, 1.0, 1.0, 0.0, 0.0, 0.0, 0.0, -1.0, -1.0, 0.0, 0.0, 0.0, 0.0]; 
||||||| .r260
% slot matrix of phase A. Elements: 12
ka = [ 1.0, 0.0, 0.0, -1.0, 0.0, 0.0, 1.0, 0.0, 0.0, -1.0, 0.0, 0.0]; 
=======
% slot matrix of phase A. Elements: 24
ka = [ 1.0, 1.0, 0.0, 0.0, 0.0, 0.0, -1.0, -1.0, 0.0, 0.0, 0.0, 0.0, 1.0, 1.0, 0.0, 0.0, 0.0, 0.0, -1.0, -1.0, 0.0, 0.0, 0.0, 0.0]; 
>>>>>>> .r262

<<<<<<< .mine
% slot matrix of phase B. Elements: 48
kb = [ 0.0, 0.0, 0.0, 0.0, 1.0, 1.0, 0.0, 0.0, 0.0, 0.0, -1.0, -1.0, 0.0, 0.0, 0.0, 0.0, 1.0, 1.0, 0.0, 0.0, 0.0, 0.0, -1.0, -1.0, 0.0, 0.0, 0.0, 0.0, 1.0, 1.0, 0.0, 0.0, 0.0, 0.0, -1.0, -1.0, 0.0, 0.0, 0.0, 0.0, 1.0, 1.0, 0.0, 0.0, 0.0, 0.0, -1.0, -1.0]; 
||||||| .r260
% slot matrix of phase B. Elements: 12
kb = [ 0.0, 0.0, 1.0, 0.0, 0.0, -1.0, 0.0, 0.0, 1.0, 0.0, 0.0, -1.0]; 
=======
% slot matrix of phase B. Elements: 24
kb = [ 0.0, 0.0, 0.0, 0.0, 1.0, 1.0, 0.0, 0.0, 0.0, 0.0, -1.0, -1.0, 0.0, 0.0, 0.0, 0.0, 1.0, 1.0, 0.0, 0.0, 0.0, 0.0, -1.0, -1.0]; 
>>>>>>> .r262

<<<<<<< .mine
% slot matrix of phase C. Elements: 48
kc = [ 0.0, 0.0, -1.0, -1.0, 0.0, 0.0, 0.0, 0.0, 1.0, 1.0, 0.0, 0.0, 0.0, 0.0, -1.0, -1.0, 0.0, 0.0, 0.0, 0.0, 1.0, 1.0, 0.0, 0.0, 0.0, 0.0, -1.0, -1.0, 0.0, 0.0, 0.0, 0.0, 1.0, 1.0, 0.0, 0.0, 0.0, 0.0, -1.0, -1.0, 0.0, 0.0, 0.0, 0.0, 1.0, 1.0, 0.0, 0.0]; 
||||||| .r260
% slot matrix of phase C. Elements: 12
kc = [ 0.0, -1.0, 0.0, 0.0, 1.0, 0.0, 0.0, -1.0, 0.0, 0.0, 1.0, 0.0]; 
=======
% slot matrix of phase C. Elements: 24
kc = [ 0.0, 0.0, -1.0, -1.0, 0.0, 0.0, 0.0, 0.0, 1.0, 1.0, 0.0, 0.0, 0.0, 0.0, -1.0, -1.0, 0.0, 0.0, 0.0, 0.0, 1.0, 1.0, 0.0, 0.0]; 
>>>>>>> .r262
