% Data for the winding with Q = 36 slots and p = 3 pole pairs
% Winding factor:
kw = 6.830e-001;
% Coil pitch:   
yq = 3;

% slot matrix of phase A. Elements: 36
ka = [ 0.5, 0.5, 0.0, -0.5, -0.5, 0.0, -0.5, -0.5, 0.0, 0.5, 0.5, 0.0, 0.5, 0.5, 0.0, -0.5, -0.5, 0.0, -0.5, -0.5, 0.0, 0.5, 0.5, 0.0, 0.5, 0.5, 0.0, -0.5, -0.5, 0.0, -0.5, -0.5, 0.0, 0.5, 0.5, 0.0]; 

% slot matrix of phase B. Elements: 36
kb = [ 0.0, 0.5, 0.5, 0.0, 0.5, 0.5, 0.0, -0.5, -0.5, 0.0, -0.5, -0.5, 0.0, 0.5, 0.5, 0.0, 0.5, 0.5, 0.0, -0.5, -0.5, 0.0, -0.5, -0.5, 0.0, 0.5, 0.5, 0.0, 0.5, 0.5, 0.0, -0.5, -0.5, 0.0, -0.5, -0.5]; 

% slot matrix of phase C. Elements: 36
kc = [ -0.5, 0.0, -0.5, -0.5, 0.0, 0.5, 0.5, 0.0, 0.5, 0.5, 0.0, -0.5, -0.5, 0.0, -0.5, -0.5, 0.0, 0.5, 0.5, 0.0, 0.5, 0.5, 0.0, -0.5, -0.5, 0.0, -0.5, -0.5, 0.0, 0.5, 0.5, 0.0, 0.5, 0.5, 0.0, -0.5]; 
